1817231733
8354833979
7162307168
1704094166
2212814897
6736113852
204890399
231827666
7371228218
261007095
1724663705
8597411581
56138467
5925566146
4885659221
738886182
5315703715
343918919
2282798975
8637238150
373762237
7398555415
2167479084
2975195384
12335009
688243106
3417954159
7105105479
4515415270
4037998908
5828668013
2371879784
6966853900
1427537305
287705676
218972452
6420206325
244442528
188633531
327776991
8966140232
187595860
982885173
279890539
203244467
5609199186
2300965663
2325730703
694532667
6115063674
217753754
467880715
442063487
267987393
3244546371
1933327012
8100647363
10178336
1779223189
8973572429
6394204172
1186843422
1774594496
222571929
494087007
2362450789
266663764
3305213345
312656796
4687371027
255083069
5484355911
1439524255
724299440
267984895
2031512437
1948560243
186969098
7357775120
597545144
215467998
216477253
1450496622
49321514
1345980657
1977834083
1604397267
254733732
7396326642
8481939639
37589763
233124542
28739052
1997389419
253038529
8200770511
2551958269
862305840
2680285063
459242847
2951653015
1621982130
47428063
239188135
1290964876
222505376
2208945565
5870338100
3945287825
175273012
5465653583
8522288450
3527618738
6219049040
30851059
202768835
427519632
1400457619
927605130
345779229
1445656023
1726924724
210674467
7944286947
398390814
4512774374
7291449205
1556765899
6018382107
221395606
1698014025
4376534531
490385651
4289402761
6755591952
292679991
468366184
1371730314
1644597196
5949752990
1770410468
563533475
1163104924
8474155762
193113636
1473849299
315434079
1271975339
2165029447
34646560
287334671
469663539
270018598
47934865
5386763740
431305189
3258242856
778820843
6103093995
6070187610
399191348
8125477490
8309026580
371329784
2007903277
6304771296
5632326295
7417432792
5493071942
6984617857
1981499541
1036189768
7001396930
8491302820
182829792
1378181137
