269342204
3561538600
729053431
1226931748
195281524
1277918366
3126941047
556455257
958997779
689335921
5449190076
288192943
183229097
558292651
1507373875
195585469
743395156
3447775889
176871351
398875721
4621276906
3168743775
315696901
194864129
201653509
174549937
26368597
1417401023
4399694793
233113160
8535716869
4486125350
12009235
443235840
7064362725
8650917724
304454486
8663217026
2128940492
1136823948
636892817
39265313
5893224758
5974484114
3090783405
8471629312
4375737884
1124382797
928894488
219127478
1682624211
8657490813
1438013514
6936094530
5908007621
30776214
282720674
4344207020
3090448718
2237258716
1975787646
1441123550
52042738
38539300
7748354137
6806167934
7769782014
1243813329
4237606
627725288
308191247
3477326535
8651468
8021705220
5681121159
2107852847
8662985222
1086992
6815407254
320948119
4404655744
