good_user
244414265
2248099822
5919323318
215949344
503775173
3799074303
1748028849
1394625305
6233916587
3123894861
47934865
1214097948
1394711414
4267190453
2207087234
3678019810
2774432
7001396930
174924244
10185429
5964747
1949954994
2126575988
49561735
185557223
470164243
3500760491
536012536
403915258
1695605738
1606877345
1917886626
522524607
2078258847
183346001
2979368443
533241117
7108608984
3959946855
4481315697
413491
804602464
5368856246
6749864708
2207593721
7225607284
2767640669
515988245
1535806506
2105973397
1056738683
6076891355
3703940856
144171155
6085862801
1422090442
371943652
2077163169
398978119
2883526014
1830067745
263321930
1357462384
340139304
5977082973
565243328
3250651853
1920073259
314347416
30021142
2275151578
5967601691
5466559000
4025148027
324618015
1688150948
3126478710
3248346865
230975865
8958676264
2039108665
625466187
47906751
213213715
21317745
200535754
1701865422
252533068
2508129
3410569163
3061207339
2002511116
182787499
3942885619
2083956229
2228178551
192615259
2040328517
244453005
359269276
198433649
5353545830
257681160
3120383421
5399725099
1146410039
226379752
3403809070
2242857603
1788571134
275755818
3916244762
1652356374
351804925
2378383902
6001296544
6234960039
2304104997
2127284097
11234009
859827260
438101663
2980731694
227329245
7562156179
3004268976
1639664856
30783109
3460902401
7629405069
187343449
2188865088
351737
1949279391
40664993
1728261291
23453995
227687341
243408327
194705549
145767376
2518858137
1310767345
5903626606
2292328216
500802050
480304123
307946305
421856310
4236009309
3916931059
5485523617
187775666
6761024645
4696559860
1245977220
1724663705
1671843770
3212543099
2166199792
1185000225
4620269730
1481922460
263917525
303273692
3178044512
1689397302
2066614238
6938002926
629341245
6035162229
40054261
2326678132
189656001
3570602331
1919812269
2325665544
558170226
996294907
1465174016
5439451433
212037019
1650663496
1440146436
380214476
5326345015
5416141081
5430336512
1900987271
4523154143
3154527825
2342583599
1647666719
3648467450
1588241018
377033494
7546065955
188654571
844608082
215541059
4222984267
7573111967
1507045368
6953961930
14739521
2078510600
3437494791
244281437
232018395
296411939
537422483
2250513799
1169697672
297022186
2123075524
363942592
194386410
3663822870
2201008110
420236866
217585245
3407113346
1590763074
1464723821
1168664196
3804937048
3569058026
18072442
1633423673
4263066831
304837966
2776074
1986591186
2260055191
269408276
472775607
313571246
40224117
37008900
3149350305
6728888126
508549335
2961112875
12792524
450794900
3975848568
627429101
36943113
5894522012
3567929605
4498420492
1643967184
489405867
2673343440
270834030
25134227
6022351592
419108110
2121103127
2110718161
1434613387
534532609
6203752212
1101286784
245841939
2979714292
2169701640
1443452900
458379807
534008906
401201205
1635675683
760849786
33532290
270315568
1600497096
392182128
496762388
333779977
3631937406
1492351600
3011870599
1508082560
1626744408
1778817046
53715707
32055
33923471
3649254036
1476739381
456388873
239056550
520980510
5744319523
1650176266
1246215727
787132
1564608241
220147747
195589242
1572880236
512153974
53838005
362114686
1516705236
6312944678
13266454
6999873356
3503214882
284900024
5658013689
5370459645
277482905
337444613
3695229
1354556546
8600803098
4674735313
307716388
1544988323
2158015150
2284879207
321788112
3594946297
974981871
2977274870
699083492
1284886006
402079301
438075974
1819181244
7141223713
462502003
4523757604
1041979878
1441617006
1042453534
506345913
593371876
1653393977
5886053769
176915606
3664757423
53237725
1085262223
371246032
1513314033
2071875033
2116088003
413105204
187399235
283087877
4842088
273601326
2257178205
23947096
5712751161
222287843
283136090
641842996
4337962041
4315017581
318960840
2022720900
178596551
202483813
357267663
4530762
2230323952
644269432
2294008700
212427932
2255446844
6228619743
40901681
408663904
4513394439
728187757
255775315
298571614
1403729682
174416309
3027166429
4298669668
295557321
186397036
33360367
174690282
1534248225
3931034063
1009163988
255543673
224699608
8268704973
13190727
453229716
2960933698
8877223
1369911580
52088517
5417466605
2164533011
539833044
209398835
201539262
7280834714
4443375347
231620625
2304573987
263277250
312644926
245406899
7146516777
2245166384
5605429683
248739473
1229137023
5681992828
7779549203
6075694622
254152318
1087309200
242468299
8325655283
3651730324
1187948664
3027490061
1521642235
7222983000
426367804
452300829
1025169558
2203254238
467880715
20516329
5714075551
2239755721
1574729288
348339229
1328587626
222505376
24971666
234882979
38227509
4507694357
52152881
229445386
304951736
1927923707
3088720986
1589301521
461348165
392364542
3180828588
12194222
2310964655
5964208553
246410113
5532646930
6121247513
186439120
2999900267
294274582
5889593965
6192863130
5688241293
16659874
594086059
504544916
1531227668
146202709
5851587202
1957306762
469036864
1455436030
327586818
418148563
451184072
1543211667
5381956447
267661592
194648779
3305213345
3044573358
2119606479
361443818
1939044608
14738593
3701980681
275206109
7399195554
6009695318
5549955030
1289776707
2129887913
2707024417
2229814402
4005786957
232635096
14059456
3504394256
2277534012
4351097077
193602538
442370790
259220806
210533576
348849088
1388129965
2933514035
